feature_extract_enable : 0
point_filter_num : 2
max_iteration : 10
dense_map_enable : 1
filter_size_surf : 0.15
filter_size_map : 0.3
cube_side_length : 20
debug : 0
grid_size : 40
patch_size : 8
img_enable : 0
lidar_enable : 1
outlier_threshold : 300 # 78 100 156
ncc_en: false
ncc_thre: 0
img_point_cov : 100 # 1000
laser_point_cov : 0.001 # 0.001
cam_fx: 753.5565418822030
cam_fy: 764.4965925326870
cam_cx: 636.2099873378200
cam_cy: 493.8097273600280
pcd_save_interval: 800

common:
    lid_topic:  "/livox/lidar_back"
    imu_topic:  "/livox/imu_back"

preprocess:
    lidar_type: 1 # Livox Avia LiDAR
    scan_line: 6
    blind: 5 # blind x m disable

mapping:
    acc_cov_scale: 100
    gyr_cov_scale: 10000
    fov_degree:    90
    extrinsic_T: [ 0.04165, 0.02326, -0.0284 ]
    extrinsic_R: [ 1, 0, 0,
                   0, 1, 0,
                   0, 0, 1]

camera:
    # img_topic: /usb_cam/image_raw
    # img_topic:  /camera/image_color
    img_topic: /back_camera/image
    #xiyuan
    Rcl: [0.00162756,-0.999991,0.00390957,
         -0.0126748,-0.00392989,-0.999912,
          0.999918,0.00157786,-0.012681]
    Pcl: [0.0409257, 0.0318424, -0.0927219]
