feature_extract_enable : 0
point_filter_num : 2
max_iteration : 10
dense_map_enable : 1
filter_size_surf : 0.15
filter_size_map : 0.3
cube_side_length : 20
debug : 0
grid_size : 40
patch_size : 8
img_enable : 1
lidar_enable : 1
outlier_threshold : 300 # 78 100 156
ncc_en: false
ncc_thre: 0
img_point_cov : 100 # 1000
laser_point_cov : 0.001 # 0.001
cam_fx: 720.596831483074
cam_fy: 706.535934690656
cam_cx: 631.692465879529
cam_cy: 491.680409348266

common:
    lid_topic:  "/livox/lidar"
    imu_topic:  "/livox/imu"

preprocess:
    lidar_type: 1 # Livox Avia LiDAR
    scan_line: 6
    blind: 5 # blind x m disable

mapping:
    acc_cov_scale: 100
    gyr_cov_scale: 10000
    fov_degree:    90
    extrinsic_T: [ 0.04165, 0.02326, -0.0284 ]
    extrinsic_R: [ 1, 0, 0,
                   0, 1, 0,
                   0, 0, 1]

camera:
    # img_topic: /usb_cam/image_raw
    # img_topic:  /camera/image_color
    img_topic: /left_camera/image
    # #xiyuan
    # Rcl: [0.00162756,-0.999991,0.00390957,
    #      -0.0126748,-0.00392989,-0.999912,
    #       0.999918,0.00157786,-0.012681]
    # Pcl: [0.0409257, 0.0318424, -0.0927219]
    Rcl: [0.020215694666553,-0.99954856264504,-0.02222603436006,
         -0.01675322696656,0.021888792495509,-0.99962003288714,
          0.999655268117642,0.020580371165616,-0.01630316678839]
    Pcl: [0.067140488006832,0.008629964789408,0.372009492807802]
