cam_model: Pinhole
cam_width: 1280
cam_height: 1024
cam_fx: 736.8028063695381
cam_fy: 736.4126675073701
cam_cx: 624.7784857216617
cam_cy: 499.76270756008734
cam_d0: 0.0
cam_d1: 0.0
cam_d2: 0.0
cam_d3: 0.0
