cam_model: Pinhole
cam_width: 1280
cam_height: 1024
cam_fx: 720.596831483074
cam_fy: 706.535934690656
cam_cx: 631.692465879529
cam_cy: 491.680409348266
cam_d0: -0.05159061126483680
cam_d1: 0.008178084696091160
cam_d2: -0.01307939402108090
cam_d3: 0.004313653703444160