c: Pinhole
cam_width: 1280
cam_height: 1024
cam_fx: 753.5565418822030
cam_fy: 764.4965925326870
cam_cx: 636.2099873378200
cam_cy: 493.8097273600280
cam_d0: 0.0
cam_d1: 0.0
cam_d2: 0.0
cam_d3: 0.0
