cam_model: Pinhole
cam_width: 1280
cam_height: 1024
cam_fx: 1755.02966572035
cam_fy: 1766.40168235277
cam_cx: 563.619338414862
cam_cy: 523.73436008438
cam_d0: 0.0
cam_d1: 0.0
cam_d2: 0.0
cam_d3: 0.0