feature_extract_enable : 0
point_filter_num : 2
max_iteration : 10
dense_map_enable : 1
filter_size_surf : 0.15
filter_size_map : 0.3
cube_side_length : 20
debug : 0
grid_size : 40
patch_size : 8
img_enable : 1
lidar_enable : 1
outlier_threshold : 300 # 78 100 156
ncc_en: false
ncc_thre: 0
img_point_cov : 100 # 1000
laser_point_cov : 0.001 # 0.001
cam_fx: 753.5565418822030
cam_fy: 764.4965925326870
cam_cx: 636.2099873378200
cam_cy: 493.8097273600280
pcd_save_interval: 800

common:
    lid_topic:  "/livox/lidar"
    imu_topic:  "/livox/imu"

preprocess:
    lidar_type: 1 # Livox Avia LiDAR
    scan_line: 6
    blind: 5 # blind x m disable

mapping:
    acc_cov_scale: 100
    gyr_cov_scale: 10000
    fov_degree:    90
    extrinsic_T: [ 0.04165, 0.02326, -0.0284 ]
    extrinsic_R: [ 1, 0, 0,
                   0, 1, 0,
                   0, 0, 1]

camera:
    # img_topic: /usb_cam/image_raw
    # img_topic:  /camera/image_color
    img_topic: /left_camera/image
    #xiyuan
    Rcl: [-0.00870427152314,-0.99985795188504,-0.01443300763884,
         -0.00227858310151,0.014453349042890,-0.99989294865025,
          0.999959521038877,-0.00867045291182,-0.00240406530757]
    Pcl: [-0.02606268231566, 0.051102889517511, -0.01798119661377]
    
pcd_save:
    pcd_save_en: true
    interval: 800
